eventtype: LatencyProcessed
statistics:
  avg: 3.3768000000000002
  min: 1.12
  max: 5.33
  stddev: 1.6512211238958883
  variance: 2.7265312
  numsamples: 5
  timestamp: {}
